---
source: src/metrics/halstead.rs
expression: metric.halstead
---
{
  "n1": 1.0,
  "N1": 2.0,
  "n2": 5.0,
  "N2": 5.0,
  "length": 7.0,
  "estimated_program_length": 11.60964047443681,
  "purity_ratio": 1.6585200677766871,
  "vocabulary": 6.0,
  "volume": 18.094737505048094,
  "difficulty": 0.5,
  "level": 2.0,
  "effort": 9.047368752524047,
  "time": 0.5026315973624471,
  "bugs": 0.0014473057017609214
}
