---
source: src/metrics/halstead.rs
expression: metric.halstead
---
{
  "n1": 14.0,
  "N1": 33.0,
  "n2": 21.0,
  "N2": 23.0,
  "length": 56.0,
  "estimated_program_length": 145.54163478716043,
  "purity_ratio": 2.5989577640564363,
  "vocabulary": 35.0,
  "volume": 287.2398489489181,
  "difficulty": 7.666666666666667,
  "level": 0.13043478260869565,
  "effort": 2202.172175275039,
  "time": 122.34289862639106,
  "bugs": 0.05642171193174631
}
