---
source: src/metrics/halstead.rs
expression: metric.halstead
---
{
  "n1": 15.0,
  "N1": 32.0,
  "n2": 13.0,
  "N2": 23.0,
  "length": 55.0,
  "estimated_program_length": 106.70907526996197,
  "purity_ratio": 1.9401650049083994,
  "vocabulary": 28.0,
  "volume": 264.4045207131682,
  "difficulty": 13.26923076923077,
  "level": 0.0753623188405797,
  "effort": 3508.444601770886,
  "time": 194.91358898727145,
  "bugs": 0.07696415299218588
}
