---
source: src/metrics/halstead.rs
expression: metric.halstead
---
{
  "n1": 12.0,
  "N1": 12.0,
  "n2": 6.0,
  "N2": 9.0,
  "length": 21.0,
  "estimated_program_length": 58.529325012980806,
  "purity_ratio": 2.787110714903848,
  "vocabulary": 18.0,
  "volume": 87.56842503028855,
  "difficulty": 9.0,
  "level": 0.1111111111111111,
  "effort": 788.115825272597,
  "time": 43.784212515144276,
  "bugs": 0.028440601513086358
}
