---
source: src/metrics/halstead.rs
expression: metric.halstead
---
{
  "n1": 11.0,
  "N1": 20.0,
  "n2": 4.0,
  "N2": 7.0,
  "length": 27.0,
  "estimated_program_length": 46.05374780501027,
  "purity_ratio": 1.7056943631485284,
  "vocabulary": 15.0,
  "volume": 105.48604608143,
  "difficulty": 9.625,
  "level": 0.1038961038961039,
  "effort": 1015.3031935337638,
  "time": 56.40573297409799,
  "bugs": 0.03367254278594041
}
